{
 "cells": [
  {
   "cell_type": "code",
   "execution_count": 1,
   "id": "1740c7f3",
   "metadata": {},
   "outputs": [
    {
     "name": "stdout",
     "output_type": "stream",
     "text": [
      "    name marks city\n",
      "0   aman    11  hbj\n",
      "1  aman1    42  bhp\n",
      "2  aman2    73  cwh\n",
      "3  aman3    64  jbp\n"
     ]
    }
   ],
   "source": [
    "import pandas as pd\n",
    "import numpy as np\n",
    "\n",
    "dict = {\n",
    "    \"name\":['aman','aman1','aman2','aman3'],\n",
    "    \"marks\":['11','42','73','64'],\n",
    "    \"city\":['hbj','bhp','cwh','jbp']\n",
    "}\n",
    "df=pd.DataFrame(dict)\n",
    "print(df)"
   ]
  },
  {
   "cell_type": "code",
   "execution_count": 2,
   "id": "112760b9",
   "metadata": {},
   "outputs": [],
   "source": [
    "df.to_csv('dict.csv',index=False)"
   ]
  },
  {
   "cell_type": "code",
   "execution_count": 3,
   "id": "338ffd6c",
   "metadata": {},
   "outputs": [
    {
     "data": {
      "text/html": [
       "<div>\n",
       "<style scoped>\n",
       "    .dataframe tbody tr th:only-of-type {\n",
       "        vertical-align: middle;\n",
       "    }\n",
       "\n",
       "    .dataframe tbody tr th {\n",
       "        vertical-align: top;\n",
       "    }\n",
       "\n",
       "    .dataframe thead th {\n",
       "        text-align: right;\n",
       "    }\n",
       "</style>\n",
       "<table border=\"1\" class=\"dataframe\">\n",
       "  <thead>\n",
       "    <tr style=\"text-align: right;\">\n",
       "      <th></th>\n",
       "      <th>name</th>\n",
       "      <th>marks</th>\n",
       "      <th>city</th>\n",
       "    </tr>\n",
       "  </thead>\n",
       "  <tbody>\n",
       "    <tr>\n",
       "      <th>0</th>\n",
       "      <td>aman</td>\n",
       "      <td>11</td>\n",
       "      <td>hbj</td>\n",
       "    </tr>\n",
       "    <tr>\n",
       "      <th>1</th>\n",
       "      <td>aman1</td>\n",
       "      <td>42</td>\n",
       "      <td>bhp</td>\n",
       "    </tr>\n",
       "  </tbody>\n",
       "</table>\n",
       "</div>"
      ],
      "text/plain": [
       "    name marks city\n",
       "0   aman    11  hbj\n",
       "1  aman1    42  bhp"
      ]
     },
     "execution_count": 3,
     "metadata": {},
     "output_type": "execute_result"
    }
   ],
   "source": [
    "df.head(2)\n"
   ]
  },
  {
   "cell_type": "code",
   "execution_count": 4,
   "id": "361e4bd3",
   "metadata": {},
   "outputs": [
    {
     "data": {
      "text/html": [
       "<div>\n",
       "<style scoped>\n",
       "    .dataframe tbody tr th:only-of-type {\n",
       "        vertical-align: middle;\n",
       "    }\n",
       "\n",
       "    .dataframe tbody tr th {\n",
       "        vertical-align: top;\n",
       "    }\n",
       "\n",
       "    .dataframe thead th {\n",
       "        text-align: right;\n",
       "    }\n",
       "</style>\n",
       "<table border=\"1\" class=\"dataframe\">\n",
       "  <thead>\n",
       "    <tr style=\"text-align: right;\">\n",
       "      <th></th>\n",
       "      <th>name</th>\n",
       "      <th>marks</th>\n",
       "      <th>city</th>\n",
       "    </tr>\n",
       "  </thead>\n",
       "  <tbody>\n",
       "    <tr>\n",
       "      <th>3</th>\n",
       "      <td>aman3</td>\n",
       "      <td>64</td>\n",
       "      <td>jbp</td>\n",
       "    </tr>\n",
       "  </tbody>\n",
       "</table>\n",
       "</div>"
      ],
      "text/plain": [
       "    name marks city\n",
       "3  aman3    64  jbp"
      ]
     },
     "execution_count": 4,
     "metadata": {},
     "output_type": "execute_result"
    }
   ],
   "source": [
    "df.tail(1)"
   ]
  },
  {
   "cell_type": "code",
   "execution_count": 5,
   "id": "dc55f9fc",
   "metadata": {},
   "outputs": [
    {
     "data": {
      "text/html": [
       "<div>\n",
       "<style scoped>\n",
       "    .dataframe tbody tr th:only-of-type {\n",
       "        vertical-align: middle;\n",
       "    }\n",
       "\n",
       "    .dataframe tbody tr th {\n",
       "        vertical-align: top;\n",
       "    }\n",
       "\n",
       "    .dataframe thead th {\n",
       "        text-align: right;\n",
       "    }\n",
       "</style>\n",
       "<table border=\"1\" class=\"dataframe\">\n",
       "  <thead>\n",
       "    <tr style=\"text-align: right;\">\n",
       "      <th></th>\n",
       "      <th>name</th>\n",
       "      <th>marks</th>\n",
       "      <th>city</th>\n",
       "    </tr>\n",
       "  </thead>\n",
       "  <tbody>\n",
       "    <tr>\n",
       "      <th>count</th>\n",
       "      <td>4</td>\n",
       "      <td>4</td>\n",
       "      <td>4</td>\n",
       "    </tr>\n",
       "    <tr>\n",
       "      <th>unique</th>\n",
       "      <td>4</td>\n",
       "      <td>4</td>\n",
       "      <td>4</td>\n",
       "    </tr>\n",
       "    <tr>\n",
       "      <th>top</th>\n",
       "      <td>aman1</td>\n",
       "      <td>73</td>\n",
       "      <td>hbj</td>\n",
       "    </tr>\n",
       "    <tr>\n",
       "      <th>freq</th>\n",
       "      <td>1</td>\n",
       "      <td>1</td>\n",
       "      <td>1</td>\n",
       "    </tr>\n",
       "  </tbody>\n",
       "</table>\n",
       "</div>"
      ],
      "text/plain": [
       "         name marks city\n",
       "count       4     4    4\n",
       "unique      4     4    4\n",
       "top     aman1    73  hbj\n",
       "freq        1     1    1"
      ]
     },
     "execution_count": 5,
     "metadata": {},
     "output_type": "execute_result"
    }
   ],
   "source": [
    "df.describe()"
   ]
  },
  {
   "cell_type": "code",
   "execution_count": 6,
   "id": "427d024f",
   "metadata": {},
   "outputs": [],
   "source": [
    "imptCsv=pd.read_csv(\"train.csv\")"
   ]
  },
  {
   "cell_type": "code",
   "execution_count": 7,
   "id": "ef949234",
   "metadata": {},
   "outputs": [
    {
     "data": {
      "text/html": [
       "<div>\n",
       "<style scoped>\n",
       "    .dataframe tbody tr th:only-of-type {\n",
       "        vertical-align: middle;\n",
       "    }\n",
       "\n",
       "    .dataframe tbody tr th {\n",
       "        vertical-align: top;\n",
       "    }\n",
       "\n",
       "    .dataframe thead th {\n",
       "        text-align: right;\n",
       "    }\n",
       "</style>\n",
       "<table border=\"1\" class=\"dataframe\">\n",
       "  <thead>\n",
       "    <tr style=\"text-align: right;\">\n",
       "      <th></th>\n",
       "      <th>train no</th>\n",
       "      <th>speed</th>\n",
       "      <th>city</th>\n",
       "    </tr>\n",
       "  </thead>\n",
       "  <tbody>\n",
       "    <tr>\n",
       "      <th>0</th>\n",
       "      <td>12123</td>\n",
       "      <td>122</td>\n",
       "      <td>hbj</td>\n",
       "    </tr>\n",
       "    <tr>\n",
       "      <th>1</th>\n",
       "      <td>12344</td>\n",
       "      <td>211</td>\n",
       "      <td>cwh</td>\n",
       "    </tr>\n",
       "    <tr>\n",
       "      <th>2</th>\n",
       "      <td>9989</td>\n",
       "      <td>344</td>\n",
       "      <td>jbp</td>\n",
       "    </tr>\n",
       "  </tbody>\n",
       "</table>\n",
       "</div>"
      ],
      "text/plain": [
       "   train no  speed city\n",
       "0     12123    122  hbj\n",
       "1     12344    211  cwh\n",
       "2      9989    344  jbp"
      ]
     },
     "execution_count": 7,
     "metadata": {},
     "output_type": "execute_result"
    }
   ],
   "source": [
    "imptCsv"
   ]
  },
  {
   "cell_type": "code",
   "execution_count": 8,
   "id": "8ca07e27",
   "metadata": {},
   "outputs": [
    {
     "data": {
      "text/plain": [
       "122"
      ]
     },
     "execution_count": 8,
     "metadata": {},
     "output_type": "execute_result"
    }
   ],
   "source": [
    "imptCsv['speed'][0]"
   ]
  },
  {
   "cell_type": "code",
   "execution_count": 9,
   "id": "351eb932",
   "metadata": {},
   "outputs": [
    {
     "name": "stderr",
     "output_type": "stream",
     "text": [
      "<ipython-input-9-46223280e2a1>:1: SettingWithCopyWarning: \n",
      "A value is trying to be set on a copy of a slice from a DataFrame\n",
      "\n",
      "See the caveats in the documentation: https://pandas.pydata.org/pandas-docs/stable/user_guide/indexing.html#returning-a-view-versus-a-copy\n",
      "  imptCsv['train no'][1]=88888\n"
     ]
    }
   ],
   "source": [
    "imptCsv['train no'][1]=88888"
   ]
  },
  {
   "cell_type": "code",
   "execution_count": 10,
   "id": "5f7c5aea",
   "metadata": {},
   "outputs": [
    {
     "name": "stdout",
     "output_type": "stream",
     "text": [
      "88888\n"
     ]
    }
   ],
   "source": [
    "print(imptCsv['train no'][1])\n"
   ]
  },
  {
   "cell_type": "code",
   "execution_count": 11,
   "id": "fd12e70b",
   "metadata": {},
   "outputs": [],
   "source": [
    "newdf=pd.DataFrame(np.random.rand(34,5))"
   ]
  },
  {
   "cell_type": "code",
   "execution_count": 12,
   "id": "de32c7a6",
   "metadata": {},
   "outputs": [
    {
     "data": {
      "text/html": [
       "<div>\n",
       "<style scoped>\n",
       "    .dataframe tbody tr th:only-of-type {\n",
       "        vertical-align: middle;\n",
       "    }\n",
       "\n",
       "    .dataframe tbody tr th {\n",
       "        vertical-align: top;\n",
       "    }\n",
       "\n",
       "    .dataframe thead th {\n",
       "        text-align: right;\n",
       "    }\n",
       "</style>\n",
       "<table border=\"1\" class=\"dataframe\">\n",
       "  <thead>\n",
       "    <tr style=\"text-align: right;\">\n",
       "      <th></th>\n",
       "      <th>0</th>\n",
       "      <th>1</th>\n",
       "      <th>2</th>\n",
       "      <th>3</th>\n",
       "      <th>4</th>\n",
       "    </tr>\n",
       "  </thead>\n",
       "  <tbody>\n",
       "    <tr>\n",
       "      <th>0</th>\n",
       "      <td>0.401906</td>\n",
       "      <td>0.558052</td>\n",
       "      <td>0.235230</td>\n",
       "      <td>0.132157</td>\n",
       "      <td>0.591239</td>\n",
       "    </tr>\n",
       "    <tr>\n",
       "      <th>1</th>\n",
       "      <td>0.045237</td>\n",
       "      <td>0.284230</td>\n",
       "      <td>0.274567</td>\n",
       "      <td>0.352673</td>\n",
       "      <td>0.979024</td>\n",
       "    </tr>\n",
       "    <tr>\n",
       "      <th>2</th>\n",
       "      <td>0.598860</td>\n",
       "      <td>0.670392</td>\n",
       "      <td>0.948338</td>\n",
       "      <td>0.450194</td>\n",
       "      <td>0.607459</td>\n",
       "    </tr>\n",
       "    <tr>\n",
       "      <th>3</th>\n",
       "      <td>0.224548</td>\n",
       "      <td>0.198905</td>\n",
       "      <td>0.446967</td>\n",
       "      <td>0.367617</td>\n",
       "      <td>0.013010</td>\n",
       "    </tr>\n",
       "    <tr>\n",
       "      <th>4</th>\n",
       "      <td>0.080188</td>\n",
       "      <td>0.986103</td>\n",
       "      <td>0.655532</td>\n",
       "      <td>0.666729</td>\n",
       "      <td>0.955575</td>\n",
       "    </tr>\n",
       "    <tr>\n",
       "      <th>5</th>\n",
       "      <td>0.040066</td>\n",
       "      <td>0.182357</td>\n",
       "      <td>0.222749</td>\n",
       "      <td>0.350079</td>\n",
       "      <td>0.670726</td>\n",
       "    </tr>\n",
       "    <tr>\n",
       "      <th>6</th>\n",
       "      <td>0.841972</td>\n",
       "      <td>0.796803</td>\n",
       "      <td>0.915518</td>\n",
       "      <td>0.686502</td>\n",
       "      <td>0.806426</td>\n",
       "    </tr>\n",
       "    <tr>\n",
       "      <th>7</th>\n",
       "      <td>0.615625</td>\n",
       "      <td>0.473623</td>\n",
       "      <td>0.806661</td>\n",
       "      <td>0.528170</td>\n",
       "      <td>0.604881</td>\n",
       "    </tr>\n",
       "    <tr>\n",
       "      <th>8</th>\n",
       "      <td>0.350320</td>\n",
       "      <td>0.875111</td>\n",
       "      <td>0.526230</td>\n",
       "      <td>0.073793</td>\n",
       "      <td>0.965865</td>\n",
       "    </tr>\n",
       "    <tr>\n",
       "      <th>9</th>\n",
       "      <td>0.177064</td>\n",
       "      <td>0.389546</td>\n",
       "      <td>0.092418</td>\n",
       "      <td>0.413280</td>\n",
       "      <td>0.661566</td>\n",
       "    </tr>\n",
       "    <tr>\n",
       "      <th>10</th>\n",
       "      <td>0.586752</td>\n",
       "      <td>0.781079</td>\n",
       "      <td>0.802420</td>\n",
       "      <td>0.704908</td>\n",
       "      <td>0.460179</td>\n",
       "    </tr>\n",
       "    <tr>\n",
       "      <th>11</th>\n",
       "      <td>0.762031</td>\n",
       "      <td>0.133580</td>\n",
       "      <td>0.702637</td>\n",
       "      <td>0.517834</td>\n",
       "      <td>0.471250</td>\n",
       "    </tr>\n",
       "    <tr>\n",
       "      <th>12</th>\n",
       "      <td>0.736137</td>\n",
       "      <td>0.418804</td>\n",
       "      <td>0.728404</td>\n",
       "      <td>0.253759</td>\n",
       "      <td>0.001686</td>\n",
       "    </tr>\n",
       "    <tr>\n",
       "      <th>13</th>\n",
       "      <td>0.010247</td>\n",
       "      <td>0.764074</td>\n",
       "      <td>0.254829</td>\n",
       "      <td>0.243082</td>\n",
       "      <td>0.320330</td>\n",
       "    </tr>\n",
       "    <tr>\n",
       "      <th>14</th>\n",
       "      <td>0.344462</td>\n",
       "      <td>0.328937</td>\n",
       "      <td>0.609148</td>\n",
       "      <td>0.455691</td>\n",
       "      <td>0.738668</td>\n",
       "    </tr>\n",
       "    <tr>\n",
       "      <th>15</th>\n",
       "      <td>0.340587</td>\n",
       "      <td>0.616309</td>\n",
       "      <td>0.050260</td>\n",
       "      <td>0.526758</td>\n",
       "      <td>0.601249</td>\n",
       "    </tr>\n",
       "    <tr>\n",
       "      <th>16</th>\n",
       "      <td>0.807143</td>\n",
       "      <td>0.240121</td>\n",
       "      <td>0.149967</td>\n",
       "      <td>0.103651</td>\n",
       "      <td>0.674867</td>\n",
       "    </tr>\n",
       "    <tr>\n",
       "      <th>17</th>\n",
       "      <td>0.394044</td>\n",
       "      <td>0.625510</td>\n",
       "      <td>0.041725</td>\n",
       "      <td>0.070478</td>\n",
       "      <td>0.016996</td>\n",
       "    </tr>\n",
       "    <tr>\n",
       "      <th>18</th>\n",
       "      <td>0.924168</td>\n",
       "      <td>0.919232</td>\n",
       "      <td>0.421263</td>\n",
       "      <td>0.083343</td>\n",
       "      <td>0.306627</td>\n",
       "    </tr>\n",
       "    <tr>\n",
       "      <th>19</th>\n",
       "      <td>0.152270</td>\n",
       "      <td>0.514258</td>\n",
       "      <td>0.569292</td>\n",
       "      <td>0.682569</td>\n",
       "      <td>0.297879</td>\n",
       "    </tr>\n",
       "    <tr>\n",
       "      <th>20</th>\n",
       "      <td>0.496431</td>\n",
       "      <td>0.757892</td>\n",
       "      <td>0.970468</td>\n",
       "      <td>0.748587</td>\n",
       "      <td>0.043321</td>\n",
       "    </tr>\n",
       "    <tr>\n",
       "      <th>21</th>\n",
       "      <td>0.259706</td>\n",
       "      <td>0.850343</td>\n",
       "      <td>0.944759</td>\n",
       "      <td>0.042490</td>\n",
       "      <td>0.663478</td>\n",
       "    </tr>\n",
       "    <tr>\n",
       "      <th>22</th>\n",
       "      <td>0.050337</td>\n",
       "      <td>0.636024</td>\n",
       "      <td>0.574000</td>\n",
       "      <td>0.294154</td>\n",
       "      <td>0.848204</td>\n",
       "    </tr>\n",
       "    <tr>\n",
       "      <th>23</th>\n",
       "      <td>0.754059</td>\n",
       "      <td>0.663683</td>\n",
       "      <td>0.583124</td>\n",
       "      <td>0.947942</td>\n",
       "      <td>0.949494</td>\n",
       "    </tr>\n",
       "    <tr>\n",
       "      <th>24</th>\n",
       "      <td>0.160665</td>\n",
       "      <td>0.944910</td>\n",
       "      <td>0.777523</td>\n",
       "      <td>0.525940</td>\n",
       "      <td>0.063491</td>\n",
       "    </tr>\n",
       "    <tr>\n",
       "      <th>25</th>\n",
       "      <td>0.436516</td>\n",
       "      <td>0.311059</td>\n",
       "      <td>0.837011</td>\n",
       "      <td>0.550749</td>\n",
       "      <td>0.384898</td>\n",
       "    </tr>\n",
       "    <tr>\n",
       "      <th>26</th>\n",
       "      <td>0.294311</td>\n",
       "      <td>0.360462</td>\n",
       "      <td>0.029344</td>\n",
       "      <td>0.798454</td>\n",
       "      <td>0.808515</td>\n",
       "    </tr>\n",
       "    <tr>\n",
       "      <th>27</th>\n",
       "      <td>0.922078</td>\n",
       "      <td>0.038521</td>\n",
       "      <td>0.135919</td>\n",
       "      <td>0.081409</td>\n",
       "      <td>0.734040</td>\n",
       "    </tr>\n",
       "    <tr>\n",
       "      <th>28</th>\n",
       "      <td>0.489814</td>\n",
       "      <td>0.739051</td>\n",
       "      <td>0.755118</td>\n",
       "      <td>0.475429</td>\n",
       "      <td>0.394240</td>\n",
       "    </tr>\n",
       "    <tr>\n",
       "      <th>29</th>\n",
       "      <td>0.462898</td>\n",
       "      <td>0.885731</td>\n",
       "      <td>0.265280</td>\n",
       "      <td>0.704328</td>\n",
       "      <td>0.687621</td>\n",
       "    </tr>\n",
       "    <tr>\n",
       "      <th>30</th>\n",
       "      <td>0.614687</td>\n",
       "      <td>0.124050</td>\n",
       "      <td>0.690486</td>\n",
       "      <td>0.582688</td>\n",
       "      <td>0.934212</td>\n",
       "    </tr>\n",
       "    <tr>\n",
       "      <th>31</th>\n",
       "      <td>0.292743</td>\n",
       "      <td>0.269564</td>\n",
       "      <td>0.197195</td>\n",
       "      <td>0.164001</td>\n",
       "      <td>0.614564</td>\n",
       "    </tr>\n",
       "    <tr>\n",
       "      <th>32</th>\n",
       "      <td>0.087018</td>\n",
       "      <td>0.314060</td>\n",
       "      <td>0.202436</td>\n",
       "      <td>0.730005</td>\n",
       "      <td>0.093870</td>\n",
       "    </tr>\n",
       "    <tr>\n",
       "      <th>33</th>\n",
       "      <td>0.955992</td>\n",
       "      <td>0.621428</td>\n",
       "      <td>0.280763</td>\n",
       "      <td>0.703281</td>\n",
       "      <td>0.352969</td>\n",
       "    </tr>\n",
       "  </tbody>\n",
       "</table>\n",
       "</div>"
      ],
      "text/plain": [
       "           0         1         2         3         4\n",
       "0   0.401906  0.558052  0.235230  0.132157  0.591239\n",
       "1   0.045237  0.284230  0.274567  0.352673  0.979024\n",
       "2   0.598860  0.670392  0.948338  0.450194  0.607459\n",
       "3   0.224548  0.198905  0.446967  0.367617  0.013010\n",
       "4   0.080188  0.986103  0.655532  0.666729  0.955575\n",
       "5   0.040066  0.182357  0.222749  0.350079  0.670726\n",
       "6   0.841972  0.796803  0.915518  0.686502  0.806426\n",
       "7   0.615625  0.473623  0.806661  0.528170  0.604881\n",
       "8   0.350320  0.875111  0.526230  0.073793  0.965865\n",
       "9   0.177064  0.389546  0.092418  0.413280  0.661566\n",
       "10  0.586752  0.781079  0.802420  0.704908  0.460179\n",
       "11  0.762031  0.133580  0.702637  0.517834  0.471250\n",
       "12  0.736137  0.418804  0.728404  0.253759  0.001686\n",
       "13  0.010247  0.764074  0.254829  0.243082  0.320330\n",
       "14  0.344462  0.328937  0.609148  0.455691  0.738668\n",
       "15  0.340587  0.616309  0.050260  0.526758  0.601249\n",
       "16  0.807143  0.240121  0.149967  0.103651  0.674867\n",
       "17  0.394044  0.625510  0.041725  0.070478  0.016996\n",
       "18  0.924168  0.919232  0.421263  0.083343  0.306627\n",
       "19  0.152270  0.514258  0.569292  0.682569  0.297879\n",
       "20  0.496431  0.757892  0.970468  0.748587  0.043321\n",
       "21  0.259706  0.850343  0.944759  0.042490  0.663478\n",
       "22  0.050337  0.636024  0.574000  0.294154  0.848204\n",
       "23  0.754059  0.663683  0.583124  0.947942  0.949494\n",
       "24  0.160665  0.944910  0.777523  0.525940  0.063491\n",
       "25  0.436516  0.311059  0.837011  0.550749  0.384898\n",
       "26  0.294311  0.360462  0.029344  0.798454  0.808515\n",
       "27  0.922078  0.038521  0.135919  0.081409  0.734040\n",
       "28  0.489814  0.739051  0.755118  0.475429  0.394240\n",
       "29  0.462898  0.885731  0.265280  0.704328  0.687621\n",
       "30  0.614687  0.124050  0.690486  0.582688  0.934212\n",
       "31  0.292743  0.269564  0.197195  0.164001  0.614564\n",
       "32  0.087018  0.314060  0.202436  0.730005  0.093870\n",
       "33  0.955992  0.621428  0.280763  0.703281  0.352969"
      ]
     },
     "execution_count": 12,
     "metadata": {},
     "output_type": "execute_result"
    }
   ],
   "source": [
    "newdf"
   ]
  },
  {
   "cell_type": "code",
   "execution_count": 13,
   "id": "c25946f4",
   "metadata": {},
   "outputs": [
    {
     "data": {
      "text/html": [
       "<div>\n",
       "<style scoped>\n",
       "    .dataframe tbody tr th:only-of-type {\n",
       "        vertical-align: middle;\n",
       "    }\n",
       "\n",
       "    .dataframe tbody tr th {\n",
       "        vertical-align: top;\n",
       "    }\n",
       "\n",
       "    .dataframe thead th {\n",
       "        text-align: right;\n",
       "    }\n",
       "</style>\n",
       "<table border=\"1\" class=\"dataframe\">\n",
       "  <thead>\n",
       "    <tr style=\"text-align: right;\">\n",
       "      <th></th>\n",
       "      <th>0</th>\n",
       "      <th>1</th>\n",
       "      <th>2</th>\n",
       "      <th>3</th>\n",
       "      <th>4</th>\n",
       "    </tr>\n",
       "  </thead>\n",
       "  <tbody>\n",
       "    <tr>\n",
       "      <th>33</th>\n",
       "      <td>0.955992</td>\n",
       "      <td>0.621428</td>\n",
       "      <td>0.280763</td>\n",
       "      <td>0.703281</td>\n",
       "      <td>0.352969</td>\n",
       "    </tr>\n",
       "    <tr>\n",
       "      <th>32</th>\n",
       "      <td>0.087018</td>\n",
       "      <td>0.314060</td>\n",
       "      <td>0.202436</td>\n",
       "      <td>0.730005</td>\n",
       "      <td>0.093870</td>\n",
       "    </tr>\n",
       "    <tr>\n",
       "      <th>31</th>\n",
       "      <td>0.292743</td>\n",
       "      <td>0.269564</td>\n",
       "      <td>0.197195</td>\n",
       "      <td>0.164001</td>\n",
       "      <td>0.614564</td>\n",
       "    </tr>\n",
       "    <tr>\n",
       "      <th>30</th>\n",
       "      <td>0.614687</td>\n",
       "      <td>0.124050</td>\n",
       "      <td>0.690486</td>\n",
       "      <td>0.582688</td>\n",
       "      <td>0.934212</td>\n",
       "    </tr>\n",
       "    <tr>\n",
       "      <th>29</th>\n",
       "      <td>0.462898</td>\n",
       "      <td>0.885731</td>\n",
       "      <td>0.265280</td>\n",
       "      <td>0.704328</td>\n",
       "      <td>0.687621</td>\n",
       "    </tr>\n",
       "    <tr>\n",
       "      <th>28</th>\n",
       "      <td>0.489814</td>\n",
       "      <td>0.739051</td>\n",
       "      <td>0.755118</td>\n",
       "      <td>0.475429</td>\n",
       "      <td>0.394240</td>\n",
       "    </tr>\n",
       "    <tr>\n",
       "      <th>27</th>\n",
       "      <td>0.922078</td>\n",
       "      <td>0.038521</td>\n",
       "      <td>0.135919</td>\n",
       "      <td>0.081409</td>\n",
       "      <td>0.734040</td>\n",
       "    </tr>\n",
       "    <tr>\n",
       "      <th>26</th>\n",
       "      <td>0.294311</td>\n",
       "      <td>0.360462</td>\n",
       "      <td>0.029344</td>\n",
       "      <td>0.798454</td>\n",
       "      <td>0.808515</td>\n",
       "    </tr>\n",
       "    <tr>\n",
       "      <th>25</th>\n",
       "      <td>0.436516</td>\n",
       "      <td>0.311059</td>\n",
       "      <td>0.837011</td>\n",
       "      <td>0.550749</td>\n",
       "      <td>0.384898</td>\n",
       "    </tr>\n",
       "    <tr>\n",
       "      <th>24</th>\n",
       "      <td>0.160665</td>\n",
       "      <td>0.944910</td>\n",
       "      <td>0.777523</td>\n",
       "      <td>0.525940</td>\n",
       "      <td>0.063491</td>\n",
       "    </tr>\n",
       "    <tr>\n",
       "      <th>23</th>\n",
       "      <td>0.754059</td>\n",
       "      <td>0.663683</td>\n",
       "      <td>0.583124</td>\n",
       "      <td>0.947942</td>\n",
       "      <td>0.949494</td>\n",
       "    </tr>\n",
       "    <tr>\n",
       "      <th>22</th>\n",
       "      <td>0.050337</td>\n",
       "      <td>0.636024</td>\n",
       "      <td>0.574000</td>\n",
       "      <td>0.294154</td>\n",
       "      <td>0.848204</td>\n",
       "    </tr>\n",
       "    <tr>\n",
       "      <th>21</th>\n",
       "      <td>0.259706</td>\n",
       "      <td>0.850343</td>\n",
       "      <td>0.944759</td>\n",
       "      <td>0.042490</td>\n",
       "      <td>0.663478</td>\n",
       "    </tr>\n",
       "    <tr>\n",
       "      <th>20</th>\n",
       "      <td>0.496431</td>\n",
       "      <td>0.757892</td>\n",
       "      <td>0.970468</td>\n",
       "      <td>0.748587</td>\n",
       "      <td>0.043321</td>\n",
       "    </tr>\n",
       "    <tr>\n",
       "      <th>19</th>\n",
       "      <td>0.152270</td>\n",
       "      <td>0.514258</td>\n",
       "      <td>0.569292</td>\n",
       "      <td>0.682569</td>\n",
       "      <td>0.297879</td>\n",
       "    </tr>\n",
       "    <tr>\n",
       "      <th>18</th>\n",
       "      <td>0.924168</td>\n",
       "      <td>0.919232</td>\n",
       "      <td>0.421263</td>\n",
       "      <td>0.083343</td>\n",
       "      <td>0.306627</td>\n",
       "    </tr>\n",
       "    <tr>\n",
       "      <th>17</th>\n",
       "      <td>0.394044</td>\n",
       "      <td>0.625510</td>\n",
       "      <td>0.041725</td>\n",
       "      <td>0.070478</td>\n",
       "      <td>0.016996</td>\n",
       "    </tr>\n",
       "    <tr>\n",
       "      <th>16</th>\n",
       "      <td>0.807143</td>\n",
       "      <td>0.240121</td>\n",
       "      <td>0.149967</td>\n",
       "      <td>0.103651</td>\n",
       "      <td>0.674867</td>\n",
       "    </tr>\n",
       "    <tr>\n",
       "      <th>15</th>\n",
       "      <td>0.340587</td>\n",
       "      <td>0.616309</td>\n",
       "      <td>0.050260</td>\n",
       "      <td>0.526758</td>\n",
       "      <td>0.601249</td>\n",
       "    </tr>\n",
       "    <tr>\n",
       "      <th>14</th>\n",
       "      <td>0.344462</td>\n",
       "      <td>0.328937</td>\n",
       "      <td>0.609148</td>\n",
       "      <td>0.455691</td>\n",
       "      <td>0.738668</td>\n",
       "    </tr>\n",
       "    <tr>\n",
       "      <th>13</th>\n",
       "      <td>0.010247</td>\n",
       "      <td>0.764074</td>\n",
       "      <td>0.254829</td>\n",
       "      <td>0.243082</td>\n",
       "      <td>0.320330</td>\n",
       "    </tr>\n",
       "    <tr>\n",
       "      <th>12</th>\n",
       "      <td>0.736137</td>\n",
       "      <td>0.418804</td>\n",
       "      <td>0.728404</td>\n",
       "      <td>0.253759</td>\n",
       "      <td>0.001686</td>\n",
       "    </tr>\n",
       "    <tr>\n",
       "      <th>11</th>\n",
       "      <td>0.762031</td>\n",
       "      <td>0.133580</td>\n",
       "      <td>0.702637</td>\n",
       "      <td>0.517834</td>\n",
       "      <td>0.471250</td>\n",
       "    </tr>\n",
       "    <tr>\n",
       "      <th>10</th>\n",
       "      <td>0.586752</td>\n",
       "      <td>0.781079</td>\n",
       "      <td>0.802420</td>\n",
       "      <td>0.704908</td>\n",
       "      <td>0.460179</td>\n",
       "    </tr>\n",
       "    <tr>\n",
       "      <th>9</th>\n",
       "      <td>0.177064</td>\n",
       "      <td>0.389546</td>\n",
       "      <td>0.092418</td>\n",
       "      <td>0.413280</td>\n",
       "      <td>0.661566</td>\n",
       "    </tr>\n",
       "    <tr>\n",
       "      <th>8</th>\n",
       "      <td>0.350320</td>\n",
       "      <td>0.875111</td>\n",
       "      <td>0.526230</td>\n",
       "      <td>0.073793</td>\n",
       "      <td>0.965865</td>\n",
       "    </tr>\n",
       "    <tr>\n",
       "      <th>7</th>\n",
       "      <td>0.615625</td>\n",
       "      <td>0.473623</td>\n",
       "      <td>0.806661</td>\n",
       "      <td>0.528170</td>\n",
       "      <td>0.604881</td>\n",
       "    </tr>\n",
       "    <tr>\n",
       "      <th>6</th>\n",
       "      <td>0.841972</td>\n",
       "      <td>0.796803</td>\n",
       "      <td>0.915518</td>\n",
       "      <td>0.686502</td>\n",
       "      <td>0.806426</td>\n",
       "    </tr>\n",
       "    <tr>\n",
       "      <th>5</th>\n",
       "      <td>0.040066</td>\n",
       "      <td>0.182357</td>\n",
       "      <td>0.222749</td>\n",
       "      <td>0.350079</td>\n",
       "      <td>0.670726</td>\n",
       "    </tr>\n",
       "    <tr>\n",
       "      <th>4</th>\n",
       "      <td>0.080188</td>\n",
       "      <td>0.986103</td>\n",
       "      <td>0.655532</td>\n",
       "      <td>0.666729</td>\n",
       "      <td>0.955575</td>\n",
       "    </tr>\n",
       "    <tr>\n",
       "      <th>3</th>\n",
       "      <td>0.224548</td>\n",
       "      <td>0.198905</td>\n",
       "      <td>0.446967</td>\n",
       "      <td>0.367617</td>\n",
       "      <td>0.013010</td>\n",
       "    </tr>\n",
       "    <tr>\n",
       "      <th>2</th>\n",
       "      <td>0.598860</td>\n",
       "      <td>0.670392</td>\n",
       "      <td>0.948338</td>\n",
       "      <td>0.450194</td>\n",
       "      <td>0.607459</td>\n",
       "    </tr>\n",
       "    <tr>\n",
       "      <th>1</th>\n",
       "      <td>0.045237</td>\n",
       "      <td>0.284230</td>\n",
       "      <td>0.274567</td>\n",
       "      <td>0.352673</td>\n",
       "      <td>0.979024</td>\n",
       "    </tr>\n",
       "    <tr>\n",
       "      <th>0</th>\n",
       "      <td>0.401906</td>\n",
       "      <td>0.558052</td>\n",
       "      <td>0.235230</td>\n",
       "      <td>0.132157</td>\n",
       "      <td>0.591239</td>\n",
       "    </tr>\n",
       "  </tbody>\n",
       "</table>\n",
       "</div>"
      ],
      "text/plain": [
       "           0         1         2         3         4\n",
       "33  0.955992  0.621428  0.280763  0.703281  0.352969\n",
       "32  0.087018  0.314060  0.202436  0.730005  0.093870\n",
       "31  0.292743  0.269564  0.197195  0.164001  0.614564\n",
       "30  0.614687  0.124050  0.690486  0.582688  0.934212\n",
       "29  0.462898  0.885731  0.265280  0.704328  0.687621\n",
       "28  0.489814  0.739051  0.755118  0.475429  0.394240\n",
       "27  0.922078  0.038521  0.135919  0.081409  0.734040\n",
       "26  0.294311  0.360462  0.029344  0.798454  0.808515\n",
       "25  0.436516  0.311059  0.837011  0.550749  0.384898\n",
       "24  0.160665  0.944910  0.777523  0.525940  0.063491\n",
       "23  0.754059  0.663683  0.583124  0.947942  0.949494\n",
       "22  0.050337  0.636024  0.574000  0.294154  0.848204\n",
       "21  0.259706  0.850343  0.944759  0.042490  0.663478\n",
       "20  0.496431  0.757892  0.970468  0.748587  0.043321\n",
       "19  0.152270  0.514258  0.569292  0.682569  0.297879\n",
       "18  0.924168  0.919232  0.421263  0.083343  0.306627\n",
       "17  0.394044  0.625510  0.041725  0.070478  0.016996\n",
       "16  0.807143  0.240121  0.149967  0.103651  0.674867\n",
       "15  0.340587  0.616309  0.050260  0.526758  0.601249\n",
       "14  0.344462  0.328937  0.609148  0.455691  0.738668\n",
       "13  0.010247  0.764074  0.254829  0.243082  0.320330\n",
       "12  0.736137  0.418804  0.728404  0.253759  0.001686\n",
       "11  0.762031  0.133580  0.702637  0.517834  0.471250\n",
       "10  0.586752  0.781079  0.802420  0.704908  0.460179\n",
       "9   0.177064  0.389546  0.092418  0.413280  0.661566\n",
       "8   0.350320  0.875111  0.526230  0.073793  0.965865\n",
       "7   0.615625  0.473623  0.806661  0.528170  0.604881\n",
       "6   0.841972  0.796803  0.915518  0.686502  0.806426\n",
       "5   0.040066  0.182357  0.222749  0.350079  0.670726\n",
       "4   0.080188  0.986103  0.655532  0.666729  0.955575\n",
       "3   0.224548  0.198905  0.446967  0.367617  0.013010\n",
       "2   0.598860  0.670392  0.948338  0.450194  0.607459\n",
       "1   0.045237  0.284230  0.274567  0.352673  0.979024\n",
       "0   0.401906  0.558052  0.235230  0.132157  0.591239"
      ]
     },
     "execution_count": 13,
     "metadata": {},
     "output_type": "execute_result"
    }
   ],
   "source": [
    "newdf.sort_index(axis=0,ascending=False)"
   ]
  },
  {
   "cell_type": "code",
   "execution_count": 14,
   "id": "de48fbe0",
   "metadata": {},
   "outputs": [
    {
     "data": {
      "text/plain": [
       "pandas.core.frame.DataFrame"
      ]
     },
     "execution_count": 14,
     "metadata": {},
     "output_type": "execute_result"
    }
   ],
   "source": [
    "type(newdf)"
   ]
  },
  {
   "cell_type": "code",
   "execution_count": 15,
   "id": "9bd70132",
   "metadata": {},
   "outputs": [
    {
     "data": {
      "text/plain": [
       "RangeIndex(start=0, stop=5, step=1)"
      ]
     },
     "execution_count": 15,
     "metadata": {},
     "output_type": "execute_result"
    }
   ],
   "source": [
    "newdf.columns"
   ]
  },
  {
   "cell_type": "code",
   "execution_count": 16,
   "id": "c1c78954",
   "metadata": {},
   "outputs": [
    {
     "data": {
      "text/plain": [
       "RangeIndex(start=0, stop=34, step=1)"
      ]
     },
     "execution_count": 16,
     "metadata": {},
     "output_type": "execute_result"
    }
   ],
   "source": [
    "newdf.index"
   ]
  },
  {
   "cell_type": "code",
   "execution_count": 17,
   "id": "86a4c8a3",
   "metadata": {},
   "outputs": [
    {
     "data": {
      "text/plain": [
       "0    float64\n",
       "1    float64\n",
       "2    float64\n",
       "3    float64\n",
       "4    float64\n",
       "dtype: object"
      ]
     },
     "execution_count": 17,
     "metadata": {},
     "output_type": "execute_result"
    }
   ],
   "source": [
    "newdf.dtypes"
   ]
  },
  {
   "cell_type": "code",
   "execution_count": 18,
   "id": "0b87b4bb",
   "metadata": {},
   "outputs": [],
   "source": [
    "newdf.columns=list(\"ABCDE\")"
   ]
  },
  {
   "cell_type": "code",
   "execution_count": 19,
   "id": "df0fe118",
   "metadata": {},
   "outputs": [
    {
     "data": {
      "text/html": [
       "<div>\n",
       "<style scoped>\n",
       "    .dataframe tbody tr th:only-of-type {\n",
       "        vertical-align: middle;\n",
       "    }\n",
       "\n",
       "    .dataframe tbody tr th {\n",
       "        vertical-align: top;\n",
       "    }\n",
       "\n",
       "    .dataframe thead th {\n",
       "        text-align: right;\n",
       "    }\n",
       "</style>\n",
       "<table border=\"1\" class=\"dataframe\">\n",
       "  <thead>\n",
       "    <tr style=\"text-align: right;\">\n",
       "      <th></th>\n",
       "      <th>A</th>\n",
       "      <th>B</th>\n",
       "      <th>C</th>\n",
       "      <th>D</th>\n",
       "      <th>E</th>\n",
       "    </tr>\n",
       "  </thead>\n",
       "  <tbody>\n",
       "    <tr>\n",
       "      <th>0</th>\n",
       "      <td>0.401906</td>\n",
       "      <td>0.558052</td>\n",
       "      <td>0.235230</td>\n",
       "      <td>0.132157</td>\n",
       "      <td>0.591239</td>\n",
       "    </tr>\n",
       "    <tr>\n",
       "      <th>1</th>\n",
       "      <td>0.045237</td>\n",
       "      <td>0.284230</td>\n",
       "      <td>0.274567</td>\n",
       "      <td>0.352673</td>\n",
       "      <td>0.979024</td>\n",
       "    </tr>\n",
       "  </tbody>\n",
       "</table>\n",
       "</div>"
      ],
      "text/plain": [
       "          A         B         C         D         E\n",
       "0  0.401906  0.558052  0.235230  0.132157  0.591239\n",
       "1  0.045237  0.284230  0.274567  0.352673  0.979024"
      ]
     },
     "execution_count": 19,
     "metadata": {},
     "output_type": "execute_result"
    }
   ],
   "source": [
    "newdf.head(2)"
   ]
  },
  {
   "cell_type": "code",
   "execution_count": 20,
   "id": "14dd9312",
   "metadata": {},
   "outputs": [],
   "source": [
    "newdf2=newdf#it will save view not make a copy just point to memory like pointer\n",
    "newdf2=newdf.copy()#this will make a copy"
   ]
  },
  {
   "cell_type": "code",
   "execution_count": 21,
   "id": "70212c53",
   "metadata": {},
   "outputs": [],
   "source": [
    "newdf.loc[0,\"A\"]=0.12"
   ]
  },
  {
   "cell_type": "code",
   "execution_count": 22,
   "id": "0adb959d",
   "metadata": {},
   "outputs": [
    {
     "data": {
      "text/html": [
       "<div>\n",
       "<style scoped>\n",
       "    .dataframe tbody tr th:only-of-type {\n",
       "        vertical-align: middle;\n",
       "    }\n",
       "\n",
       "    .dataframe tbody tr th {\n",
       "        vertical-align: top;\n",
       "    }\n",
       "\n",
       "    .dataframe thead th {\n",
       "        text-align: right;\n",
       "    }\n",
       "</style>\n",
       "<table border=\"1\" class=\"dataframe\">\n",
       "  <thead>\n",
       "    <tr style=\"text-align: right;\">\n",
       "      <th></th>\n",
       "      <th>A</th>\n",
       "      <th>B</th>\n",
       "      <th>C</th>\n",
       "      <th>D</th>\n",
       "      <th>E</th>\n",
       "    </tr>\n",
       "  </thead>\n",
       "  <tbody>\n",
       "    <tr>\n",
       "      <th>0</th>\n",
       "      <td>0.120000</td>\n",
       "      <td>0.558052</td>\n",
       "      <td>0.235230</td>\n",
       "      <td>0.132157</td>\n",
       "      <td>0.591239</td>\n",
       "    </tr>\n",
       "    <tr>\n",
       "      <th>1</th>\n",
       "      <td>0.045237</td>\n",
       "      <td>0.284230</td>\n",
       "      <td>0.274567</td>\n",
       "      <td>0.352673</td>\n",
       "      <td>0.979024</td>\n",
       "    </tr>\n",
       "  </tbody>\n",
       "</table>\n",
       "</div>"
      ],
      "text/plain": [
       "          A         B         C         D         E\n",
       "0  0.120000  0.558052  0.235230  0.132157  0.591239\n",
       "1  0.045237  0.284230  0.274567  0.352673  0.979024"
      ]
     },
     "execution_count": 22,
     "metadata": {},
     "output_type": "execute_result"
    }
   ],
   "source": [
    "newdf.head(2)"
   ]
  },
  {
   "cell_type": "code",
   "execution_count": 23,
   "id": "635a9074",
   "metadata": {},
   "outputs": [
    {
     "ename": "KeyError",
     "evalue": "'[0] not found in axis'",
     "output_type": "error",
     "traceback": [
      "\u001b[0;31m---------------------------------------------------------------------------\u001b[0m",
      "\u001b[0;31mKeyError\u001b[0m                                  Traceback (most recent call last)",
      "\u001b[0;32m<ipython-input-23-8fb23cf5e495>\u001b[0m in \u001b[0;36m<module>\u001b[0;34m\u001b[0m\n\u001b[0;32m----> 1\u001b[0;31m \u001b[0mnewdf\u001b[0m\u001b[0;34m.\u001b[0m\u001b[0mdrop\u001b[0m\u001b[0;34m(\u001b[0m\u001b[0;36m0\u001b[0m\u001b[0;34m,\u001b[0m\u001b[0maxis\u001b[0m\u001b[0;34m=\u001b[0m\u001b[0;36m1\u001b[0m\u001b[0;34m)\u001b[0m\u001b[0;34m\u001b[0m\u001b[0;34m\u001b[0m\u001b[0m\n\u001b[0m",
